# L: 512
# Minimum Temperature: 1.500000
# Maximum Temperature: 3.000000
# Temperature Step: 0.009999999776
# Equilibration Time: 5
# Measurement Time: 25
# Data Acquiring Step: 5
# Number of Points: 151
# Total Simulation Time (sec): 4.597253
# Spins/ms: 57.021876
# Temp	E	E^2	E^4	M	M^2	M^4
1.500000	-1.9648437500	3.8608062267	14.9088430405	0.9910156131	0.9821251035	0.9646213651
1.510000	-1.9648437500	3.8608918190	14.9108276367	0.9890624881	0.9782882929	0.9572183490
1.520000	-1.9382812977	3.7575957775	14.1294326782	0.9804687500	0.9613677859	0.9244163632
1.530000	-1.9257812500	3.7095673084	13.7745656967	0.9636718631	0.9289100766	0.8637810946
1.540000	-1.9367188215	3.7511017323	14.0741262436	0.9675781131	0.9363746643	0.8774301410
1.550000	-1.9382812977	3.7570099831	14.1162557602	0.9730468988	0.9469627738	0.8972752690
1.560000	-1.9304687977	3.7274873257	13.9057407379	0.9683594108	0.9379509091	0.8806239963
1.570000	-1.9351562262	3.7451324463	14.0305376053	0.9535156488	0.9093894958	0.8277061582
1.580000	-1.9140625000	3.6641662121	13.4338703156	0.9355468750	0.8757163882	0.7685063481
1.590000	-1.9023437500	3.6191070080	13.1007614136	0.9281250238	0.8617095947	0.7435545921
1.600000	-1.8914062977	3.5779082775	12.8084430695	0.9308593869	0.8666526675	0.7516185045
1.610000	-1.9023437500	3.6191010475	13.1006193161	0.9601562619	0.9219269156	0.8500480652
1.620000	-1.9054688215	3.6313323975	13.1940965652	0.9304687381	0.8660385013	0.7509436011
1.630000	-1.8914062977	3.5778717995	12.8076572418	0.8929687738	0.7975677848	0.6366643310
1.640000	-1.8906250000	3.5756409168	12.8018980026	0.8371093869	0.7011207938	0.4926117957
1.650000	-1.8515625000	3.4286255836	11.7601518631	0.8046875000	0.6477157474	0.4200454354
1.660000	-1.8562500477	3.4472229481	11.9051065445	0.8054687381	0.6489532590	0.4215865731
1.670000	-1.8726562262	3.5082855225	12.3280124664	0.8687500358	0.7551620603	0.5715631247
1.680000	-1.8750000000	3.5157287121	12.3618049622	0.8347656131	0.6970375180	0.4864329398
1.690000	-1.8609374762	3.4635255337	12.0020818710	0.7945312858	0.6314773560	0.3992746770
1.700000	-1.8492187262	3.4197967052	11.6975851059	0.7992187738	0.6388306022	0.4083098471
1.710000	-1.8039063215	3.2545258999	10.5977125168	0.7320312858	0.5360428095	0.2877137363
1.720000	-1.8062499762	3.2636170387	10.6655111313	0.7464843988	0.5578910708	0.3126962781
1.730000	-1.7804688215	3.1709868908	10.0667638779	0.6531249881	0.4299148619	0.1905657351
1.740000	-1.7656250000	3.1184265614	9.7371282578	0.6097656488	0.3725135922	0.1397888511
1.750000	-1.7828124762	3.1795899868	10.1245880127	0.5296875238	0.2808944881	0.0792582557
1.760000	-1.7984374762	3.2354736328	10.4828271866	0.3843750060	0.1483001709	0.0223199613
1.770000	-1.7828124762	3.1788392067	10.1102895737	0.3699218929	0.1374076903	0.0192046836
1.780000	-1.7640625238	3.1125609875	9.6961936951	0.3308593929	0.1108039841	0.0128854662
1.790000	-1.7906249762	3.2075500488	10.3038425446	0.3292968869	0.1089347824	0.0120841060
1.800000	-1.7781250477	3.1631348133	10.0230731964	0.2886718810	0.0838737488	0.0072144787
1.810000	-1.7531250715	3.0745544434	9.4662466049	0.2773437500	0.0771636963	0.0060340636
1.820000	-1.7273437977	2.9869415760	8.9605522156	0.2164062560	0.0488327034	0.0027773238
1.830000	-1.7203124762	2.9609680176	8.7853193283	0.2156250030	0.0469421409	0.0022802192
1.840000	-1.7359374762	3.0139100552	9.0887632370	0.2750000060	0.0758422837	0.0058167833
1.850000	-1.7093750238	2.9224426746	8.5463180542	0.2281250060	0.0521667488	0.0027492740
1.860000	-1.7085937262	2.9203827381	8.5414962769	0.2546875179	0.0658142120	0.0046001808
1.870000	-1.7429687977	3.0384979248	9.2391576767	0.2183593810	0.0478157066	0.0023126311
1.880000	-1.7195312977	2.9584870338	8.7729473114	0.2015625089	0.0422058105	0.0020253854
1.890000	-1.6929687262	2.8677825928	8.2430210114	0.1425781250	0.0212181099	0.0005199570
1.900000	-1.7054687738	2.9095001221	8.4752321243	0.0960937515	0.0099624638	0.0001261922
1.910000	-1.6859375238	2.8444030285	8.1134538651	0.1480468810	0.0243507382	0.0007918539
1.920000	-1.6742187738	2.8044159412	7.8803024292	0.1636718810	0.0283256527	0.0009875930
1.930000	-1.6804687977	2.8252289295	7.9960608482	0.1261718720	0.0166023262	0.0003149322
1.940000	-1.6531250477	2.7343811989	7.4934039116	0.1320312470	0.0177337658	0.0003377451
1.950000	-1.6203125715	2.6295897961	6.9579544067	0.2304687500	0.0540786758	0.0031198852
1.960000	-1.6304687262	2.6602325439	7.0967545509	0.1457031220	0.0225502010	0.0006407766
1.970000	-1.6445312500	2.7056367397	7.3328242302	0.1144531295	0.0151390079	0.0003286356
1.980000	-1.6250000000	2.6427979469	7.0072007179	0.1039062515	0.0109832762	0.0001283368
1.990000	-1.6101562977	2.5936126709	6.7373108864	0.1226562485	0.0153549192	0.0002549406
2.000000	-1.6109374762	2.5969054699	6.7624902725	0.1984374970	0.0399383567	0.0016734742
2.010000	-1.6031249762	2.5716309547	6.6302886009	0.2460937500	0.0614013672	0.0039757760
2.020000	-1.6101562977	2.5943329334	6.7491240501	0.2027343810	0.0419029258	0.0018776822
2.029999	-1.5828125477	2.5079162121	6.3157563210	0.1546875089	0.0255783089	0.0008455787
2.039999	-1.6328125000	2.6679992676	7.1379861832	0.0476562493	0.0034576417	0.0000246262
2.049999	-1.5531250238	2.4141113758	5.8460316658	0.0394531265	0.0022789002	0.0000105212
2.059999	-1.4757813215	2.1781404018	4.7461209297	0.0773437545	0.0075714113	0.0000963844
2.069999	-1.5312500000	2.3492798805	5.5606722832	0.1328125000	0.0214248654	0.0007948413
2.079999	-1.4867187738	2.2111663818	4.8965859413	0.0722656250	0.0054328921	0.0000338554
2.089999	-1.5093749762	2.2818055153	5.2375388145	0.0164062511	0.0003417969	0.0000001721
2.099999	-1.5515625477	2.4086976051	5.8151144981	0.0542968772	0.0045021060	0.0000530770
2.109999	-1.5382813215	2.3689117432	5.6374034882	0.1433593780	0.0222862251	0.0006767325
2.119999	-1.5406249762	2.3777892590	5.6952400208	0.1453125030	0.0222595222	0.0005889233
2.129999	-1.5890625715	2.5265748501	6.3986468315	0.1597656310	0.0269096382	0.0008672866
2.139999	-1.5765625238	2.4903626442	6.2491374016	0.2023437470	0.0420486443	0.0019486909
2.149999	-1.5007812977	2.2526397705	5.0770373344	0.1312500089	0.0190597530	0.0005080685
2.159999	-1.4851562977	2.2095062733	4.9149394035	0.0960937515	0.0099990843	0.0001265026
2.169999	-1.4515625238	2.1077086926	4.4480986595	0.0449218750	0.0021995546	0.0000064931
2.179999	-1.4976562262	2.2438447475	5.0425429344	0.1316406280	0.0176872257	0.0003372789
2.189999	-1.4804687500	2.1929290295	4.8189210892	0.1742187589	0.0320693962	0.0012105044
2.199999	-1.4804687500	2.1932282448	4.8229060173	0.1144531295	0.0184303280	0.0005745743
2.209999	-1.4226562977	2.0252838135	4.1124591827	0.0500000007	0.0028457642	0.0000112912
2.219999	-1.4343750477	2.0590820312	4.2533221245	0.1261718720	0.0175376888	0.0003755125
2.229999	-1.4382812977	2.0718171597	4.3194637299	0.1074218750	0.0121040344	0.0001702918
2.239999	-1.4757813215	2.1800994873	4.7722043991	0.0972656235	0.0111183170	0.0001888984
2.249999	-1.4679688215	2.1573638916	4.6750674248	0.2300781310	0.0553794876	0.0036277783
2.259999	-1.4257812500	2.0348298550	4.1571078300	0.1226562485	0.0248474125	0.0014227080
2.269999	-1.3960937262	1.9525116682	3.8397426605	0.0546875000	0.0059967041	0.0001391797
2.279999	-1.4390624762	2.0723083019	4.3060564995	0.0539062507	0.0042587281	0.0000413555
2.289999	-1.3359375000	1.7875121832	3.2147278786	0.0343750007	0.0015792847	0.0000039105
2.299999	-1.4250000715	2.0346009731	4.1707944870	0.0460937507	0.0036056519	0.0000437427
2.309999	-1.3515625000	1.8288940191	3.3602168560	0.0921875015	0.0090316776	0.0000977717
2.319999	-1.4156249762	2.0057067871	4.0367507935	0.0730468780	0.0084693907	0.0002159393
2.329999	-1.3437500000	1.8116272688	3.3261983395	0.1007812545	0.0107910158	0.0001424227
2.339999	-1.3953125477	1.9506043196	3.8349206448	0.2652343810	0.0710060149	0.0052273669
2.349999	-1.3218749762	1.7495545149	3.0764634609	0.2687500119	0.0733734146	0.0057004667
2.359999	-1.3859375715	1.9249695539	3.7370483875	0.2722656429	0.0745826736	0.0056922860
2.369999	-1.3398437500	1.7978973389	3.2522220612	0.1398437470	0.0198684689	0.0004192743
2.379999	-1.3390625715	1.7945922613	3.2312028408	0.1988281310	0.0420143120	0.0021915296
2.389999	-1.3562500477	1.8418639898	3.4105877876	0.1054687500	0.0130706793	0.0002789827
2.399999	-1.2968750000	1.6839172840	2.8496525288	0.0421875007	0.0038665773	0.0000590498
2.409999	-1.3539062738	1.8340851068	3.3712449074	0.1511718780	0.0261878967	0.0008739250
2.419999	-1.2945312262	1.6793549061	2.8437500000	0.0468750000	0.0026718141	0.0000110847
2.429999	-1.3171875477	1.7372375727	3.0337142944	0.0429687500	0.0025253296	0.0000122936
2.439999	-1.3265625238	1.7656067610	3.1571142673	0.0816406235	0.0067695617	0.0000485993
2.449999	-1.3281250000	1.7675536871	3.1491324902	0.0890625045	0.0094543463	0.0001271904
2.459999	-1.3234375715	1.7529846430	3.0835855007	0.1496093720	0.0267753601	0.0012406657
2.469999	-1.3328125477	1.7790405750	3.1835649014	0.1566406339	0.0266517643	0.0009157169
2.479999	-1.2406250238	1.5416564941	2.3918261528	0.0355468765	0.0020347596	0.0000107494
2.489999	-1.2828124762	1.6500183344	2.7515544891	0.0757812485	0.0083999634	0.0001377932
2.499999	-1.2843750715	1.6511535645	2.7365562916	0.1164062545	0.0147628784	0.0002826297
2.509999	-1.2148437500	1.4768829346	2.1871020794	0.1035156250	0.0124824522	0.0002462186
2.519999	-1.2195312977	1.4886871576	2.2250437737	0.0972656235	0.0116615295	0.0001936412
2.529999	-1.2460937500	1.5528900623	2.4123275280	0.1781250089	0.0335800163	0.0013020097
2.539999	-1.2031250000	1.4490722418	2.1089854240	0.0874999985	0.0119461063	0.0003022462
2.549999	-1.2078125477	1.4613586664	2.1506147385	0.0570312515	0.0032958984	0.0000114668
2.559999	-1.1929687262	1.4243500233	2.0355346203	0.1175781265	0.0183021557	0.0005184024
2.569999	-1.2164062262	1.4828277826	2.2166574001	0.1320312470	0.0264709480	0.0014928012
2.579999	-1.1937500238	1.4273986816	2.0508906841	0.1703125089	0.0328659080	0.0015719915
2.589999	-1.2187500000	1.4871520996	2.2225558758	0.1210937500	0.0153121948	0.0002689840
2.599999	-1.2398437262	1.5501679182	2.4782493114	0.0191406254	0.0005363465	0.0000006219
2.609999	-1.2484375238	1.5591064692	2.4339673519	0.0437499993	0.0028182983	0.0000152974
2.619999	-1.1671875715	1.3671509027	1.8946062326	0.1191406250	0.0172050484	0.0004188193
2.629999	-1.1460937262	1.3183624744	1.7623490095	0.0437499993	0.0022277832	0.0000073777
2.639999	-1.1484375000	1.3209656477	1.7559601068	0.0468750000	0.0033523559	0.0000241097
2.649999	-1.1718750000	1.3754822016	1.9042948484	0.1406250000	0.0258193966	0.0009838090
2.659999	-1.1203125715	1.2572021484	1.5912206173	0.0386718772	0.0015617370	0.0000028199
2.669999	-1.1773437262	1.3870331049	1.9286869764	0.1058593765	0.0149284368	0.0003533918
2.679999	-1.1242188215	1.2698944807	1.6425985098	0.0527343750	0.0045829774	0.0000646821
2.689999	-1.1523437500	1.3310089111	1.7884998322	0.0605468750	0.0038627626	0.0000182507
2.699999	-1.1140625477	1.2430419922	1.5544818640	0.0636718795	0.0057182312	0.0000832039
2.709999	-1.1742187738	1.3800384998	1.9115031958	0.0468750000	0.0026916505	0.0000115997
2.719999	-1.1164063215	1.2470062971	1.5581687689	0.0433593765	0.0035179139	0.0000463037
2.729999	-1.1351562738	1.2889130116	1.6630210876	0.0546875000	0.0045852661	0.0000382020
2.739999	-1.0695313215	1.1556793451	1.3892999887	0.0429687500	0.0030654909	0.0000210701
2.749999	-1.0874999762	1.1849670410	1.4148985147	0.0730468780	0.0102958679	0.0002986151
2.759999	-1.0664062500	1.1386444569	1.3029206991	0.0480468757	0.0035896301	0.0000389033
2.769999	-1.0750000477	1.1578186750	1.3504314423	0.0292968750	0.0011497497	0.0000029779
2.779999	-1.0796874762	1.1663696766	1.3634732962	0.0746093765	0.0071556093	0.0000832977
2.789999	-1.0976562500	1.2068146467	1.4657413960	0.1207031235	0.0170112606	0.0004365988
2.799999	-1.0421875715	1.0865296125	1.1822035313	0.0660156235	0.0055274963	0.0000453735
2.809999	-1.1320313215	1.2863922119	1.6787115335	0.0609375015	0.0062271119	0.0000864368
2.819999	-1.0539063215	1.1129974127	1.2492231131	0.0945312530	0.0101486212	0.0001420736
2.829999	-1.0273437500	1.0604523420	1.1444623470	0.0878906250	0.0084922789	0.0001011260
2.839999	-1.0359375477	1.0739380121	1.1566299200	0.0542968772	0.0045677186	0.0000546208
2.849999	-1.0773438215	1.1611664295	1.3505589962	0.1453125030	0.0226364136	0.0006131631
2.859999	-1.0195312500	1.0421112776	1.0968667269	0.0472656265	0.0047172545	0.0000708893
2.869999	-1.0359375477	1.0765136480	1.1738542318	0.0839843750	0.0102149965	0.0002052156
2.879999	-1.0187500715	1.0398315191	1.0897498131	0.0457031243	0.0041557313	0.0000665961
2.889999	-1.0132812262	1.0340362787	1.1006203890	0.1234375015	0.0162948612	0.0003138856
2.899999	-0.9882812500	0.9833588004	0.9921383262	0.0531250015	0.0032241822	0.0000150985
2.909999	-0.9851562381	0.9737030268	0.9606234431	0.0351562500	0.0019577027	0.0000078875
2.919999	-1.0726562738	1.1607452631	1.3920730352	0.0703125000	0.0065322877	0.0000996606
2.929999	-1.0406249762	1.0869079828	1.1996662617	0.0957031250	0.0111625670	0.0002419896
2.939999	-0.9906250238	0.9839904904	0.9790067673	0.0660156235	0.0056037903	0.0000471875
2.949999	-0.9609375000	0.9316589236	0.8985004425	0.0550781265	0.0037208558	0.0000212823
2.959999	-1.0125000477	1.0266784430	1.0603703260	0.0480468757	0.0037956238	0.0000443466
2.969999	-0.9499999881	0.9036194086	0.8206257224	0.0570312515	0.0045852661	0.0000407836
2.979999	-0.9820312858	0.9713653922	0.9676770568	0.0718749985	0.0075271609	0.0001062296
2.989999	-1.0046875477	1.0115417242	1.0320098400	0.1285156310	0.0202674866	0.0006240296
2.999999	-0.9406250119	0.8887878656	0.8038641810	0.1144531295	0.0146888737	0.0002968464
