# L: 512
# Minimum Temperature: 1.500000
# Maximum Temperature: 3.000000
# Temperature Step: 0.009999999776
# Equilibration Time: 5
# Measurement Time: 25
# Data Acquiring Step: 5
# Number of Points: 151
# Total Simulation Time (sec): 4.520786
# Spins/ms: 57.986382
# Temp	E	E^2	E^4	M	M^2	M^4
1.500000	-1.9617187977	3.8485200405	14.8138809204	0.9894531369	0.9790306091	0.9585525393
1.510000	-1.9406250715	3.7665588856	14.1949205399	0.9703125358	0.9416686893	0.8873571754
1.520000	-1.9492187500	3.7998015881	14.4437656403	0.9519531131	0.9062644839	0.8214958310
1.530000	-1.9218750000	3.6940429211	13.6523761749	0.9121093750	0.8320304751	0.6925609112
1.540000	-1.9289063215	3.7210175991	13.8509521484	0.9019531608	0.8135887384	0.6621510386
1.550000	-1.9226562977	3.6968476772	13.6702108383	0.8960937858	0.8029907346	0.6448156834
1.560000	-1.9281250238	3.7181947231	13.8327016830	0.8910156488	0.7940117121	0.6307787299
1.570000	-1.9296875000	3.7240905762	13.8748426437	0.9000000358	0.8100387454	0.6562895179
1.580000	-1.9179687500	3.6795136929	13.5520124435	0.9097656608	0.8277183771	0.6852654815
1.590000	-1.8968750238	3.5993287563	12.9720125198	0.9027343988	0.8150947690	0.6649190784
1.600000	-1.9046875238	3.6280822754	13.1665439606	0.9250000119	0.8556885123	0.7324206233
1.610000	-1.8999999762	3.6111023426	13.0563478470	0.9214844108	0.8493309021	0.7220432758
1.620000	-1.9015625715	3.6164796352	13.0868330002	0.9187499881	0.8441573977	0.7127898335
1.630000	-1.8734375238	3.5105285645	12.3343906403	0.9152343869	0.8377067447	0.7019290924
1.640000	-1.9085937738	3.6430511475	13.2764539719	0.9566406608	0.9152046442	0.8377572894
1.650000	-1.8757812977	3.5201508999	12.4138631821	0.9363281131	0.8770042658	0.7701755762
1.660000	-1.8617187738	3.4666106701	12.0258045197	0.9042968750	0.8183388114	0.6715784073
1.670000	-1.8593750000	3.4577698708	11.9629697800	0.8890625238	0.7906692624	0.6259080768
1.680000	-1.8500000238	3.4233155251	11.7303314209	0.8492187858	0.7214370966	0.5212407112
1.690000	-1.8531249762	3.4349915981	11.8114967346	0.8921875358	0.7962310910	0.6347208619
1.700000	-1.8578125238	3.4522216320	11.9282264709	0.9207031131	0.8478065729	0.7191583514
1.710000	-1.8796875477	3.5332887173	12.4850263596	0.9113281369	0.8307914734	0.6911149025
1.720000	-1.8546875715	3.4407958984	11.8517866135	0.8394531608	0.7049400210	0.4976729453
1.730000	-1.8507813215	3.4268462658	11.7630672455	0.8917968869	0.7956321836	0.6340675354
1.740000	-1.8203125000	3.3146789074	11.0023450851	0.8414062858	0.7090942264	0.5060732365
1.750000	-1.8578125238	3.4530580044	11.9452571869	0.8742187619	0.7647781372	0.5864741802
1.760000	-1.8039063215	3.2542145252	10.5916929245	0.7957031131	0.6336784363	0.4029406607
1.770000	-1.7828124762	3.1789429188	10.1123409271	0.7718750238	0.5960403681	0.3558520377
1.780000	-1.7773437500	3.1596648693	9.9923963547	0.7074218988	0.5006431937	0.2510448098
1.790000	-1.7539062500	3.0772674084	9.4827871323	0.6476562619	0.4198822081	0.1770059168
1.800000	-1.7765625715	3.1570739746	9.9784765244	0.5375000238	0.2890152037	0.0836541876
1.810000	-1.6781250238	2.8171570301	7.9481925964	0.5281249881	0.2819626033	0.0829847157
1.820000	-1.7273437977	2.9856841564	8.9374351501	0.5078125000	0.2583099306	0.0671659186
1.830000	-1.7062500715	2.9112975597	8.4757528305	0.4847656190	0.2353416532	0.0557137318
1.840000	-1.7085937262	2.9204680920	8.5429592133	0.4359374940	0.1906494200	0.0368056074
1.850000	-1.7124999762	2.9344360828	8.6321887970	0.3816406429	0.1480827332	0.0233856961
1.860000	-1.7156250477	2.9437806606	8.6706380844	0.2917968929	0.0860465989	0.0077238227
1.870000	-1.6789063215	2.8191680908	7.9527163506	0.3175781369	0.1012260467	0.0103990771
1.880000	-1.6640625000	2.7713928223	7.7062697411	0.2660156190	0.0721153244	0.0055612046
1.890000	-1.6726562977	2.8002350330	7.8697075844	0.2507812679	0.0638320968	0.0042975997
1.900000	-1.7062500715	2.9138793945	8.5203323364	0.2199218720	0.0489723198	0.0024989587
1.910000	-1.6898437738	2.8569977283	8.1786355972	0.1570312530	0.0268524177	0.0009149255
1.920000	-1.6960937977	2.8786835670	8.3095340729	0.0507812500	0.0031402588	0.0000167296
1.930000	-1.6593750715	2.7567260265	7.6342582703	0.1375000030	0.0197769161	0.0004597665
1.940000	-1.6421874762	2.6981506348	7.2949943542	0.1191406250	0.0149070742	0.0002610612
1.950000	-1.6117187738	2.5986237526	6.7630472183	0.0550781265	0.0036277771	0.0000201664
1.960000	-1.6296875477	2.6559569836	7.0549149513	0.0308593754	0.0012351990	0.0000029269
1.970000	-1.6187499762	2.6227111816	6.9025764465	0.0406250022	0.0028305054	0.0000175517
1.980000	-1.6242188215	2.6389129162	6.9724740982	0.0441406257	0.0032279969	0.0000337249
1.990000	-1.5593750477	2.4344422817	5.9545516968	0.2070312500	0.0443984978	0.0022263275
2.000000	-1.6375000477	2.6815369129	7.1920328140	0.1070312485	0.0126739508	0.0002018617
2.010000	-1.6320313215	2.6644623280	7.1094546318	0.2261718810	0.0526420586	0.0030482577
2.020000	-1.6117187738	2.5984528065	6.7604393959	0.0824218765	0.0083183292	0.0001080115
2.029999	-1.6375000477	2.6833617687	7.2213778496	0.0253906250	0.0008979798	0.0000014505
2.039999	-1.6257812977	2.6439728737	6.9993109703	0.0351562500	0.0018493653	0.0000077007
2.049999	-1.6156250238	2.6104736328	6.8169679642	0.0218749996	0.0006744385	0.0000010750
2.059999	-1.6132812500	2.6047515869	6.8058962822	0.0964843780	0.0121620176	0.0002483010
2.069999	-1.5695313215	2.4645354748	6.0847673416	0.1949218810	0.0388481133	0.0016422829
2.079999	-1.6023437977	2.5694427490	6.6219038963	0.0855468735	0.0078361509	0.0000775646
2.089999	-1.5609375238	2.4391784668	5.9751672745	0.0753906295	0.0068946839	0.0000617510
2.099999	-1.6062500477	2.5802795887	6.6603403091	0.2750000060	0.0763549805	0.0060639712
2.109999	-1.5390625000	2.3695251942	5.6222834587	0.2449218780	0.0636848435	0.0049710139
2.119999	-1.5343750715	2.3552308083	5.5556740761	0.1937500089	0.0413818359	0.0022921548
2.129999	-1.4937499762	2.2315735817	4.9824652672	0.0960937515	0.0126190186	0.0002596611
2.139999	-1.5039062500	2.2647674084	5.1568789482	0.0402343757	0.0019554140	0.0000058311
2.149999	-1.4710937738	2.1653473377	4.6993665695	0.0683593750	0.0058113099	0.0000507188
2.159999	-1.5078125000	2.2744202614	5.1814079285	0.2140624970	0.0474166870	0.0025705534
2.169999	-1.5132812262	2.2924652100	5.2783808708	0.0957031250	0.0108863832	0.0001534145
2.179999	-1.4820312262	2.2007720470	4.8827338219	0.0718749985	0.0056167603	0.0000402691
2.189999	-1.4632812738	2.1430511475	4.6083750725	0.1656250060	0.0294189453	0.0010951125
2.199999	-1.4835938215	2.2023284435	4.8615908623	0.1371093839	0.0208549500	0.0006180122
2.209999	-1.4773437977	2.1847321987	4.7921700478	0.0863281265	0.0104240421	0.0001949470
2.219999	-1.4703124762	2.1631715298	4.6909260750	0.0660156235	0.0050941468	0.0000343024
2.229999	-1.4531250000	2.1146056652	4.4968590736	0.0453125015	0.0030136108	0.0000231248
2.239999	-1.4296875000	2.0460815430	4.2033147812	0.0972656235	0.0114723211	0.0002289835
2.249999	-1.4156249762	2.0070068836	4.0522809029	0.0593749993	0.0071701049	0.0001801018
2.259999	-1.4257812500	2.0357024670	4.1678118706	0.1683593839	0.0308876038	0.0012260425
2.269999	-1.5046875477	2.2651917934	5.1410508156	0.1445312500	0.0211532600	0.0004680979
2.279999	-1.4867187738	2.2136628628	4.9302968979	0.2289062589	0.0544586182	0.0034214482
2.289999	-1.4226562977	2.0262238979	4.1237554550	0.1375000030	0.0208969116	0.0006375412
2.299999	-1.4195312262	2.0156953335	4.0681104660	0.0894531235	0.0085807806	0.0000940520
2.309999	-1.3859375715	1.9229859114	3.7141597271	0.0441406257	0.0035423280	0.0000417002
2.319999	-1.3789062500	1.9036346674	3.6410176754	0.0726562515	0.0077056885	0.0001249271
2.329999	-1.3492187262	1.8224762678	3.3366451263	0.0679687485	0.0067352294	0.0001164050
2.339999	-1.3414062262	1.7997283936	3.2416267395	0.0769531280	0.0083274841	0.0001390726
2.349999	-1.3843749762	1.9174133539	3.6834270954	0.0769531280	0.0068931580	0.0000737180
2.359999	-1.3171875477	1.7384216785	3.0464057922	0.0531250015	0.0051345825	0.0000891514
2.369999	-1.3398437500	1.7966400385	3.2381000519	0.0828125030	0.0129348757	0.0005472602
2.379999	-1.3726562262	1.8847992420	3.5570626259	0.1257812530	0.0178237911	0.0004558908
2.389999	-1.3718750477	1.8843201399	3.5676152706	0.0347656272	0.0017662048	0.0000067459
2.399999	-1.3742188215	1.8911285400	3.5959031582	0.1691406220	0.0295005795	0.0009658044
2.409999	-1.3085937500	1.7154266834	2.9639661312	0.0464843772	0.0042198184	0.0000551965
2.419999	-1.3476562500	1.8192901611	3.3324189186	0.0316406265	0.0012779236	0.0000029185
2.429999	-1.3414062262	1.7997833490	3.2422339916	0.0398437493	0.0026336671	0.0000206475
2.439999	-1.3250000477	1.7571899891	3.0987813473	0.0992187485	0.0101211546	0.0001120387
2.449999	-1.2968750000	1.6852600574	2.8624167442	0.0656250045	0.0061737061	0.0000715791
2.459999	-1.3492187262	1.8223114014	3.3353641033	0.2214843780	0.0493568443	0.0024985678
2.469999	-1.2929687500	1.6776214838	2.8558087349	0.1917968839	0.0431388877	0.0027428353
2.479999	-1.2453125715	1.5544617176	2.4389204979	0.1437499970	0.0213409420	0.0005054325
2.489999	-1.2648438215	1.6065338850	2.6210424900	0.0535156243	0.0056327819	0.0000949665
2.499999	-1.2492188215	1.5621856451	2.4509167671	0.2046875060	0.0469802879	0.0028839677
2.509999	-1.2796875238	1.6378418207	2.6841011047	0.2218749970	0.0502746589	0.0027171732
2.519999	-1.3093750477	1.7181457281	2.9776346684	0.0894531235	0.0147819519	0.0007724658
2.529999	-1.1984375715	1.4410949945	2.1041634083	0.0070312503	0.0000762939	0.0000000106
2.539999	-1.2695312500	1.6158050299	2.6367738247	0.1421875060	0.0234680176	0.0007263885
2.549999	-1.2187500000	1.4868957996	2.2202494144	0.1269531250	0.0174736027	0.0003857319
2.559999	-1.2171875238	1.4879883528	2.2524757385	0.1253906339	0.0213951115	0.0007997801
2.569999	-1.2070312500	1.4583466053	2.1347081661	0.0386718772	0.0022453310	0.0000110722
2.579999	-1.1843750477	1.4058350325	1.9933627844	0.1417968720	0.0240684506	0.0007722560
2.589999	-1.2820312977	1.6462249756	2.7280967236	0.1316406280	0.0216880795	0.0006892552
2.599999	-1.1468750238	1.3163757324	1.7384084463	0.2179687470	0.0538131706	0.0041892105
2.609999	-1.1960937977	1.4336761236	2.0730760098	0.0785156265	0.0076820375	0.0000904705
2.619999	-1.2179688215	1.4865143299	2.2279629707	0.0898437500	0.0082916263	0.0000751722
2.629999	-1.1953125000	1.4294433594	2.0472178459	0.1203125045	0.0194869991	0.0005903546
2.639999	-1.1609375477	1.3486938477	1.8238687515	0.0640624985	0.0073059085	0.0001138757
2.649999	-1.1687500477	1.3665771484	1.8707268238	0.0191406254	0.0004371643	0.0000002803
2.659999	-1.1601562500	1.3560638428	1.8967367411	0.0390625000	0.0017593384	0.0000042679
2.669999	-1.1968749762	1.4366943836	2.0874092579	0.0371093750	0.0029975891	0.0000334265
2.679999	-1.1531250477	1.3314331770	1.7819794416	0.0921875015	0.0101684574	0.0001350748
2.689999	-1.1140625477	1.2429993153	1.5541404486	0.2062499970	0.0453613289	0.0025654465
2.699999	-1.1320313215	1.2834625244	1.6574226618	0.0265625007	0.0011108399	0.0000027679
2.709999	-1.1296875477	1.2774597406	1.6383279562	0.0507812500	0.0036468506	0.0000284768
2.719999	-1.1445312500	1.3149566650	1.7554235458	0.0753906295	0.0072196960	0.0000834265
2.729999	-1.0843750238	1.1765991449	1.3879293203	0.0410156250	0.0023094178	0.0000085739
2.739999	-1.1234375238	1.2672485113	1.6328766346	0.0589843765	0.0039268495	0.0000229320
2.749999	-1.1132812500	1.2429901361	1.5628036261	0.0539062507	0.0040817261	0.0000317514
2.759999	-1.1250000000	1.2750488520	1.6709188223	0.0832031295	0.0089637758	0.0001559459
2.769999	-1.0898437500	1.1907929182	1.4327772856	0.0652343780	0.0069892886	0.0001500670
2.779999	-1.1039062738	1.2312042713	1.5778546333	0.0542968772	0.0045967102	0.0000436615
2.789999	-1.0835937262	1.1759918928	1.3917495012	0.1066406295	0.0155738834	0.0004054511
2.799999	-1.1117187738	1.2422760725	1.5743683577	0.0867187530	0.0091659548	0.0001539077
2.809999	-1.0882812738	1.1886017323	1.4332042933	0.0546875000	0.0044082641	0.0000413910
2.819999	-1.1242188215	1.2672760487	1.6231956482	0.0816406235	0.0094078062	0.0001623389
2.829999	-1.0203125477	1.0435913801	1.0999239683	0.0585937500	0.0044387816	0.0000313047
2.839999	-1.0492187738	1.1044037342	1.2353534698	0.0890625045	0.0092880251	0.0001353649
2.849999	-1.0507812500	1.1123627424	1.2722384930	0.0703125000	0.0088989260	0.0002540119
2.859999	-0.9960937500	0.9924225211	0.9857699275	0.0375000015	0.0023040771	0.0000130521
2.869999	-1.0632812977	1.1328827143	1.2940360308	0.0992187485	0.0134811401	0.0003425799
2.879999	-1.0843750238	1.1785706282	1.4013146162	0.0855468735	0.0098335268	0.0001512023
2.889999	-1.0023437738	1.0122711658	1.0550605059	0.0695312545	0.0067764283	0.0000855998
2.899999	-0.9953125119	0.9946838617	1.0054244995	0.0363281257	0.0018058777	0.0000065326
2.909999	-1.0257812738	1.0558563471	1.1292369366	0.0269531254	0.0013816834	0.0000068369
2.919999	-1.0218750238	1.0474182367	1.1108533144	0.0750000030	0.0073837279	0.0000947333
2.929999	-0.9945312738	0.9944549799	1.0110582113	0.0753906295	0.0076210024	0.0000990685
2.939999	-1.0328124762	1.0681641102	1.1469755173	0.0535156243	0.0041099549	0.0000327935
2.949999	-0.9750000238	0.9519531131	0.9113917351	0.0800781250	0.0082359314	0.0001065250
2.959999	-1.0093749762	1.0197448730	1.0436540842	0.1023437530	0.0162246712	0.0007006596
2.969999	-0.9953125119	0.9917846918	0.9881063700	0.0746093765	0.0064292909	0.0000593481
2.979999	-0.9851562381	0.9718170166	0.9493498802	0.0511718765	0.0037742616	0.0000290708
2.989999	-0.9812499881	0.9646911621	0.9376346469	0.0472656265	0.0039222720	0.0000408464
2.999999	-1.0015624762	1.0073852539	1.0323300362	0.0710937530	0.0064575197	0.0000694164
